service_id,monday,tuesday,wednesday,thursday,friday,saturday,sunday,start_date,end_date                                                               
1037M,0,1,0,0,0,0,0,20220426,20220426                                                                                                                 
1038X,0,0,1,0,0,0,0,20220427,20220427                                                                                                                 
1039J,0,0,0,1,0,0,0,20220428,20220428                                                                                                                 
1040V,0,0,0,0,1,0,0,20220429,20220429                                                                                                                 
1041S,0,0,0,0,0,1,0,20220430,20220430                                                                                                                 
1042D,0,0,0,0,0,0,1,20220501,20220501                                                                                                                 
1043L,1,0,0,0,0,0,0,20220502,20220502                                                                                                                 
1044M,0,1,0,0,0,0,0,20220503,20220503                                                                                                                 
1045X,0,0,1,0,0,0,0,20220504,20220504                                                                                                                 
1046J,0,0,0,1,0,0,0,20220505,20220505                                                                                                                 
1047V,0,0,0,0,1,0,0,20220506,20220506                                                                                                                 
1048S,0,0,0,0,0,1,0,20220507,20220507                                                                                                                 
1049D,0,0,0,0,0,0,1,20220508,20220508                                                                                                                 
1050L,1,0,0,0,0,0,0,20220509,20220509                                                                                                                 
1051M,0,1,0,0,0,0,0,20220510,20220510                                                                                                                 
1052X,0,0,1,0,0,0,0,20220511,20220511                                                                                                                 
1053J,0,0,0,1,0,0,0,20220512,20220512                                                                                                                 
1054V,0,0,0,0,1,0,0,20220513,20220513                                                                                                                 
1055S,0,0,0,0,0,1,0,20220514,20220514                                                                                                                 
1056D,0,0,0,0,0,0,1,20220515,20220515                                                                                                                 
1057L,1,0,0,0,0,0,0,20220516,20220516                                                                                                                 
1058M,0,1,0,0,0,0,0,20220517,20220517                                                                                                                 
1059X,0,0,1,0,0,0,0,20220518,20220518                                                                                                                 
1060J,0,0,0,1,0,0,0,20220519,20220519                                                                                                                 
1061V,0,0,0,0,1,0,0,20220520,20220520                                                                                                                 
1062S,0,0,0,0,0,1,0,20220521,20220521                                                                                                                 
1063D,0,0,0,0,0,0,1,20220522,20220522                                                                                                                 
1064L,1,0,0,0,0,0,0,20220523,20220523                                                                                                                 
1065M,0,1,0,0,0,0,0,20220524,20220524                                                                                                                 
1066X,0,0,1,0,0,0,0,20220525,20220525                                                                                                                 
1067J,0,0,0,1,0,0,0,20220526,20220526                                                                                                                 
2037M,0,1,0,0,0,0,0,20220426,20220426                                                                                                                 
2038X,0,0,1,0,0,0,0,20220427,20220427                                                                                                                 
2039J,0,0,0,1,0,0,0,20220428,20220428                                                                                                                 
2040V,0,0,0,0,1,0,0,20220429,20220429                                                                                                                 
2041S,0,0,0,0,0,1,0,20220430,20220430                                                                                                                 
2042D,0,0,0,0,0,0,1,20220501,20220501                                                                                                                 
2043L,1,0,0,0,0,0,0,20220502,20220502                                                                                                                 
2044M,0,1,0,0,0,0,0,20220503,20220503                                                                                                                 
2045X,0,0,1,0,0,0,0,20220504,20220504                                                                                                                 
2046J,0,0,0,1,0,0,0,20220505,20220505                                                                                                                 
2047V,0,0,0,0,1,0,0,20220506,20220506                                                                                                                 
2048S,0,0,0,0,0,1,0,20220507,20220507                                                                                                                 
2049D,0,0,0,0,0,0,1,20220508,20220508                                                                                                                 
2050L,1,0,0,0,0,0,0,20220509,20220509                                                                                                                 
2051M,0,1,0,0,0,0,0,20220510,20220510                                                                                                                 
2052X,0,0,1,0,0,0,0,20220511,20220511                                                                                                                 
2053J,0,0,0,1,0,0,0,20220512,20220512                                                                                                                 
2054V,0,0,0,0,1,0,0,20220513,20220513                                                                                                                 
2055S,0,0,0,0,0,1,0,20220514,20220514                                                                                                                 
2056D,0,0,0,0,0,0,1,20220515,20220515                                                                                                                 
2057L,1,0,0,0,0,0,0,20220516,20220516                                                                                                                 
2058M,0,1,0,0,0,0,0,20220517,20220517                                                                                                                 
2059X,0,0,1,0,0,0,0,20220518,20220518                                                                                                                 
2060J,0,0,0,1,0,0,0,20220519,20220519                                                                                                                 
2061V,0,0,0,0,1,0,0,20220520,20220520                                                                                                                 
2062S,0,0,0,0,0,1,0,20220521,20220521                                                                                                                 
2063D,0,0,0,0,0,0,1,20220522,20220522                                                                                                                 
2064L,1,0,0,0,0,0,0,20220523,20220523                                                                                                                 
2065M,0,1,0,0,0,0,0,20220524,20220524                                                                                                                 
2066X,0,0,1,0,0,0,0,20220525,20220525                                                                                                                 
2067J,0,0,0,1,0,0,0,20220526,20220526                                                                                                                 
3037M,0,1,0,0,0,0,0,20220426,20220426                                                                                                                 
3038X,0,0,1,0,0,0,0,20220427,20220427                                                                                                                 
3039J,0,0,0,1,0,0,0,20220428,20220428                                                                                                                 
3040V,0,0,0,0,1,0,0,20220429,20220429                                                                                                                 
3041S,0,0,0,0,0,1,0,20220430,20220430                                                                                                                 
3042D,0,0,0,0,0,0,1,20220501,20220501                                                                                                                 
3043L,1,0,0,0,0,0,0,20220502,20220502                                                                                                                 
3044M,0,1,0,0,0,0,0,20220503,20220503                                                                                                                 
3045X,0,0,1,0,0,0,0,20220504,20220504                                                                                                                 
3046J,0,0,0,1,0,0,0,20220505,20220505                                                                                                                 
3047V,0,0,0,0,1,0,0,20220506,20220506                                                                                                                 
3048S,0,0,0,0,0,1,0,20220507,20220507                                                                                                                 
3049D,0,0,0,0,0,0,1,20220508,20220508                                                                                                                 
3050L,1,0,0,0,0,0,0,20220509,20220509                                                                                                                 
3051M,0,1,0,0,0,0,0,20220510,20220510                                                                                                                 
3052X,0,0,1,0,0,0,0,20220511,20220511                                                                                                                 
3053J,0,0,0,1,0,0,0,20220512,20220512                                                                                                                 
3054V,0,0,0,0,1,0,0,20220513,20220513                                                                                                                 
3055S,0,0,0,0,0,1,0,20220514,20220514                                                                                                                 
3056D,0,0,0,0,0,0,1,20220515,20220515                                                                                                                 
3057L,1,0,0,0,0,0,0,20220516,20220516                                                                                                                 
3058M,0,1,0,0,0,0,0,20220517,20220517                                                                                                                 
3059X,0,0,1,0,0,0,0,20220518,20220518                                                                                                                 
3060J,0,0,0,1,0,0,0,20220519,20220519                                                                                                                 
3061V,0,0,0,0,1,0,0,20220520,20220520                                                                                                                 
3062S,0,0,0,0,0,1,0,20220521,20220521                                                                                                                 
3063D,0,0,0,0,0,0,1,20220522,20220522                                                                                                                 
3064L,1,0,0,0,0,0,0,20220523,20220523                                                                                                                 
3065M,0,1,0,0,0,0,0,20220524,20220524                                                                                                                 
3066X,0,0,1,0,0,0,0,20220525,20220525                                                                                                                 
3067J,0,0,0,1,0,0,0,20220526,20220526                                                                                                                 
3137M,0,1,0,0,0,0,0,20220426,20220426                                                                                                                 
3138X,0,0,1,0,0,0,0,20220427,20220427                                                                                                                 
3139J,0,0,0,1,0,0,0,20220428,20220428                                                                                                                 
3140V,0,0,0,0,1,0,0,20220429,20220429                                                                                                                 
3141S,0,0,0,0,0,1,0,20220430,20220430                                                                                                                 
3142D,0,0,0,0,0,0,1,20220501,20220501                                                                                                                 
3143L,1,0,0,0,0,0,0,20220502,20220502                                                                                                                 
3144M,0,1,0,0,0,0,0,20220503,20220503                                                                                                                 
3145X,0,0,1,0,0,0,0,20220504,20220504                                                                                                                 
3146J,0,0,0,1,0,0,0,20220505,20220505                                                                                                                 
3147V,0,0,0,0,1,0,0,20220506,20220506                                                                                                                 
3148S,0,0,0,0,0,1,0,20220507,20220507                                                                                                                 
3149D,0,0,0,0,0,0,1,20220508,20220508                                                                                                                 
3150L,1,0,0,0,0,0,0,20220509,20220509                                                                                                                 
3151M,0,1,0,0,0,0,0,20220510,20220510                                                                                                                 
3152X,0,0,1,0,0,0,0,20220511,20220511                                                                                                                 
3153J,0,0,0,1,0,0,0,20220512,20220512                                                                                                                 
3154V,0,0,0,0,1,0,0,20220513,20220513                                                                                                                 
3155S,0,0,0,0,0,1,0,20220514,20220514                                                                                                                 
3156D,0,0,0,0,0,0,1,20220515,20220515                                                                                                                 
3157L,1,0,0,0,0,0,0,20220516,20220516                                                                                                                 
3158M,0,1,0,0,0,0,0,20220517,20220517                                                                                                                 
3159X,0,0,1,0,0,0,0,20220518,20220518                                                                                                                 
3160J,0,0,0,1,0,0,0,20220519,20220519                                                                                                                 
3161V,0,0,0,0,1,0,0,20220520,20220520                                                                                                                 
3162S,0,0,0,0,0,1,0,20220521,20220521                                                                                                                 
3163D,0,0,0,0,0,0,1,20220522,20220522                                                                                                                 
3164L,1,0,0,0,0,0,0,20220523,20220523                                                                                                                 
3165M,0,1,0,0,0,0,0,20220524,20220524                                                                                                                 
3166X,0,0,1,0,0,0,0,20220525,20220525                                                                                                                 
3167J,0,0,0,1,0,0,0,20220526,20220526                                                                                                                 
3237M,0,1,0,0,0,0,0,20220426,20220426                                                                                                                 
3238X,0,0,1,0,0,0,0,20220427,20220427                                                                                                                 
3239J,0,0,0,1,0,0,0,20220428,20220428                                                                                                                 
3240V,0,0,0,0,1,0,0,20220429,20220429                                                                                                                 
3241S,0,0,0,0,0,1,0,20220430,20220430                                                                                                                 
3242D,0,0,0,0,0,0,1,20220501,20220501                                                                                                                 
3243L,1,0,0,0,0,0,0,20220502,20220502                                                                                                                 
3244M,0,1,0,0,0,0,0,20220503,20220503                                                                                                                 
3245X,0,0,1,0,0,0,0,20220504,20220504                                                                                                                 
3246J,0,0,0,1,0,0,0,20220505,20220505                                                                                                                 
3247V,0,0,0,0,1,0,0,20220506,20220506                                                                                                                 
3248S,0,0,0,0,0,1,0,20220507,20220507                                                                                                                 
3249D,0,0,0,0,0,0,1,20220508,20220508                                                                                                                 
3250L,1,0,0,0,0,0,0,20220509,20220509                                                                                                                 
3251M,0,1,0,0,0,0,0,20220510,20220510                                                                                                                 
3252X,0,0,1,0,0,0,0,20220511,20220511                                                                                                                 
3253J,0,0,0,1,0,0,0,20220512,20220512                                                                                                                 
3254V,0,0,0,0,1,0,0,20220513,20220513                                                                                                                 
3255S,0,0,0,0,0,1,0,20220514,20220514                                                                                                                 
3256D,0,0,0,0,0,0,1,20220515,20220515                                                                                                                 
3257L,1,0,0,0,0,0,0,20220516,20220516                                                                                                                 
3258M,0,1,0,0,0,0,0,20220517,20220517                                                                                                                 
3259X,0,0,1,0,0,0,0,20220518,20220518                                                                                                                 
3260J,0,0,0,1,0,0,0,20220519,20220519                                                                                                                 
3261V,0,0,0,0,1,0,0,20220520,20220520                                                                                                                 
3262S,0,0,0,0,0,1,0,20220521,20220521                                                                                                                 
3263D,0,0,0,0,0,0,1,20220522,20220522                                                                                                                 
3264L,1,0,0,0,0,0,0,20220523,20220523                                                                                                                 
3265M,0,1,0,0,0,0,0,20220524,20220524                                                                                                                 
3266X,0,0,1,0,0,0,0,20220525,20220525                                                                                                                 
3267J,0,0,0,1,0,0,0,20220526,20220526                                                                                                                 
4037M,0,1,0,0,0,0,0,20220426,20220426                                                                                                                 
4038X,0,0,1,0,0,0,0,20220427,20220427                                                                                                                 
4039J,0,0,0,1,0,0,0,20220428,20220428                                                                                                                 
4040V,0,0,0,0,1,0,0,20220429,20220429                                                                                                                 
4041S,0,0,0,0,0,1,0,20220430,20220430                                                                                                                 
4042D,0,0,0,0,0,0,1,20220501,20220501                                                                                                                 
4043L,1,0,0,0,0,0,0,20220502,20220502                                                                                                                 
4044M,0,1,0,0,0,0,0,20220503,20220503                                                                                                                 
4045X,0,0,1,0,0,0,0,20220504,20220504                                                                                                                 
4046J,0,0,0,1,0,0,0,20220505,20220505                                                                                                                 
4047V,0,0,0,0,1,0,0,20220506,20220506                                                                                                                 
4048S,0,0,0,0,0,1,0,20220507,20220507                                                                                                                 
4049D,0,0,0,0,0,0,1,20220508,20220508                                                                                                                 
4050L,1,0,0,0,0,0,0,20220509,20220509                                                                                                                 
4051M,0,1,0,0,0,0,0,20220510,20220510                                                                                                                 
4052X,0,0,1,0,0,0,0,20220511,20220511                                                                                                                 
4053J,0,0,0,1,0,0,0,20220512,20220512                                                                                                                 
4054V,0,0,0,0,1,0,0,20220513,20220513                                                                                                                 
4055S,0,0,0,0,0,1,0,20220514,20220514                                                                                                                 
4056D,0,0,0,0,0,0,1,20220515,20220515                                                                                                                 
4057L,1,0,0,0,0,0,0,20220516,20220516                                                                                                                 
4058M,0,1,0,0,0,0,0,20220517,20220517                                                                                                                 
4059X,0,0,1,0,0,0,0,20220518,20220518                                                                                                                 
4060J,0,0,0,1,0,0,0,20220519,20220519                                                                                                                 
4061V,0,0,0,0,1,0,0,20220520,20220520                                                                                                                 
4062S,0,0,0,0,0,1,0,20220521,20220521                                                                                                                 
4063D,0,0,0,0,0,0,1,20220522,20220522                                                                                                                 
4064L,1,0,0,0,0,0,0,20220523,20220523                                                                                                                 
4065M,0,1,0,0,0,0,0,20220524,20220524                                                                                                                 
4066X,0,0,1,0,0,0,0,20220525,20220525                                                                                                                 
4067J,0,0,0,1,0,0,0,20220526,20220526                                                                                                                 
4137M,0,1,0,0,0,0,0,20220426,20220426                                                                                                                 
4138X,0,0,1,0,0,0,0,20220427,20220427                                                                                                                 
4139J,0,0,0,1,0,0,0,20220428,20220428                                                                                                                 
4140V,0,0,0,0,1,0,0,20220429,20220429                                                                                                                 
4141S,0,0,0,0,0,1,0,20220430,20220430                                                                                                                 
4142D,0,0,0,0,0,0,1,20220501,20220501                                                                                                                 
4143L,1,0,0,0,0,0,0,20220502,20220502                                                                                                                 
4144M,0,1,0,0,0,0,0,20220503,20220503                                                                                                                 
4145X,0,0,1,0,0,0,0,20220504,20220504                                                                                                                 
4146J,0,0,0,1,0,0,0,20220505,20220505                                                                                                                 
4147V,0,0,0,0,1,0,0,20220506,20220506                                                                                                                 
4148S,0,0,0,0,0,1,0,20220507,20220507                                                                                                                 
4149D,0,0,0,0,0,0,1,20220508,20220508                                                                                                                 
4150L,1,0,0,0,0,0,0,20220509,20220509                                                                                                                 
4151M,0,1,0,0,0,0,0,20220510,20220510                                                                                                                 
4152X,0,0,1,0,0,0,0,20220511,20220511                                                                                                                 
4153J,0,0,0,1,0,0,0,20220512,20220512                                                                                                                 
4154V,0,0,0,0,1,0,0,20220513,20220513                                                                                                                 
4155S,0,0,0,0,0,1,0,20220514,20220514                                                                                                                 
4156D,0,0,0,0,0,0,1,20220515,20220515                                                                                                                 
4157L,1,0,0,0,0,0,0,20220516,20220516                                                                                                                 
4158M,0,1,0,0,0,0,0,20220517,20220517                                                                                                                 
4159X,0,0,1,0,0,0,0,20220518,20220518                                                                                                                 
4160J,0,0,0,1,0,0,0,20220519,20220519                                                                                                                 
4161V,0,0,0,0,1,0,0,20220520,20220520                                                                                                                 
4162S,0,0,0,0,0,1,0,20220521,20220521                                                                                                                 
4163D,0,0,0,0,0,0,1,20220522,20220522                                                                                                                 
4164L,1,0,0,0,0,0,0,20220523,20220523                                                                                                                 
4165M,0,1,0,0,0,0,0,20220524,20220524                                                                                                                 
4166X,0,0,1,0,0,0,0,20220525,20220525                                                                                                                 
4167J,0,0,0,1,0,0,0,20220526,20220526                                                                                                                 
5037M,0,1,0,0,0,0,0,20220426,20220426                                                                                                                 
5038X,0,0,1,0,0,0,0,20220427,20220427                                                                                                                 
5039J,0,0,0,1,0,0,0,20220428,20220428                                                                                                                 
5040V,0,0,0,0,1,0,0,20220429,20220429                                                                                                                 
5041S,0,0,0,0,0,1,0,20220430,20220430                                                                                                                 
5042D,0,0,0,0,0,0,1,20220501,20220501                                                                                                                 
5043L,1,0,0,0,0,0,0,20220502,20220502                                                                                                                 
5044M,0,1,0,0,0,0,0,20220503,20220503                                                                                                                 
5045X,0,0,1,0,0,0,0,20220504,20220504                                                                                                                 
5046J,0,0,0,1,0,0,0,20220505,20220505                                                                                                                 
5047V,0,0,0,0,1,0,0,20220506,20220506                                                                                                                 
5048S,0,0,0,0,0,1,0,20220507,20220507                                                                                                                 
5049D,0,0,0,0,0,0,1,20220508,20220508                                                                                                                 
5050L,1,0,0,0,0,0,0,20220509,20220509                                                                                                                 
5051M,0,1,0,0,0,0,0,20220510,20220510                                                                                                                 
5052X,0,0,1,0,0,0,0,20220511,20220511                                                                                                                 
5053J,0,0,0,1,0,0,0,20220512,20220512                                                                                                                 
5054V,0,0,0,0,1,0,0,20220513,20220513                                                                                                                 
5055S,0,0,0,0,0,1,0,20220514,20220514                                                                                                                 
5056D,0,0,0,0,0,0,1,20220515,20220515                                                                                                                 
5057L,1,0,0,0,0,0,0,20220516,20220516                                                                                                                 
5058M,0,1,0,0,0,0,0,20220517,20220517                                                                                                                 
5059X,0,0,1,0,0,0,0,20220518,20220518                                                                                                                 
5060J,0,0,0,1,0,0,0,20220519,20220519                                                                                                                 
5061V,0,0,0,0,1,0,0,20220520,20220520                                                                                                                 
5062S,0,0,0,0,0,1,0,20220521,20220521                                                                                                                 
5063D,0,0,0,0,0,0,1,20220522,20220522                                                                                                                 
5064L,1,0,0,0,0,0,0,20220523,20220523                                                                                                                 
5065M,0,1,0,0,0,0,0,20220524,20220524                                                                                                                 
5066X,0,0,1,0,0,0,0,20220525,20220525                                                                                                                 
5067J,0,0,0,1,0,0,0,20220526,20220526                                                                                                                 
6037M,0,1,0,0,0,0,0,20220426,20220426                                                                                                                 
6038X,0,0,1,0,0,0,0,20220427,20220427                                                                                                                 
6039J,0,0,0,1,0,0,0,20220428,20220428                                                                                                                 
6040V,0,0,0,0,1,0,0,20220429,20220429                                                                                                                 
6041S,0,0,0,0,0,1,0,20220430,20220430                                                                                                                 
6042D,0,0,0,0,0,0,1,20220501,20220501                                                                                                                 
6043L,1,0,0,0,0,0,0,20220502,20220502                                                                                                                 
6044M,0,1,0,0,0,0,0,20220503,20220503                                                                                                                 
6045X,0,0,1,0,0,0,0,20220504,20220504                                                                                                                 
6046J,0,0,0,1,0,0,0,20220505,20220505                                                                                                                 
6047V,0,0,0,0,1,0,0,20220506,20220506                                                                                                                 
6048S,0,0,0,0,0,1,0,20220507,20220507                                                                                                                 
6049D,0,0,0,0,0,0,1,20220508,20220508                                                                                                                 
6050L,1,0,0,0,0,0,0,20220509,20220509                                                                                                                 
6051M,0,1,0,0,0,0,0,20220510,20220510                                                                                                                 
6052X,0,0,1,0,0,0,0,20220511,20220511                                                                                                                 
6053J,0,0,0,1,0,0,0,20220512,20220512                                                                                                                 
6054V,0,0,0,0,1,0,0,20220513,20220513                                                                                                                 
6055S,0,0,0,0,0,1,0,20220514,20220514                                                                                                                 
6056D,0,0,0,0,0,0,1,20220515,20220515                                                                                                                 
6057L,1,0,0,0,0,0,0,20220516,20220516                                                                                                                 
6058M,0,1,0,0,0,0,0,20220517,20220517                                                                                                                 
6059X,0,0,1,0,0,0,0,20220518,20220518                                                                                                                 
6060J,0,0,0,1,0,0,0,20220519,20220519                                                                                                                 
6061V,0,0,0,0,1,0,0,20220520,20220520                                                                                                                 
6062S,0,0,0,0,0,1,0,20220521,20220521                                                                                                                 
6063D,0,0,0,0,0,0,1,20220522,20220522                                                                                                                 
6064L,1,0,0,0,0,0,0,20220523,20220523                                                                                                                 
6065M,0,1,0,0,0,0,0,20220524,20220524                                                                                                                 
6066X,0,0,1,0,0,0,0,20220525,20220525                                                                                                                 
6067J,0,0,0,1,0,0,0,20220526,20220526                                                                                                                 
6137M,0,1,0,0,0,0,0,20220426,20220426                                                                                                                 
6138X,0,0,1,0,0,0,0,20220427,20220427                                                                                                                 
6139J,0,0,0,1,0,0,0,20220428,20220428                                                                                                                 
6140V,0,0,0,0,1,0,0,20220429,20220429                                                                                                                 
6141S,0,0,0,0,0,1,0,20220430,20220430                                                                                                                 
6142D,0,0,0,0,0,0,1,20220501,20220501                                                                                                                 
6143L,1,0,0,0,0,0,0,20220502,20220502                                                                                                                 
6144M,0,1,0,0,0,0,0,20220503,20220503                                                                                                                 
6145X,0,0,1,0,0,0,0,20220504,20220504                                                                                                                 
6146J,0,0,0,1,0,0,0,20220505,20220505                                                                                                                 
6147V,0,0,0,0,1,0,0,20220506,20220506                                                                                                                 
6148S,0,0,0,0,0,1,0,20220507,20220507                                                                                                                 
6149D,0,0,0,0,0,0,1,20220508,20220508                                                                                                                 
6150L,1,0,0,0,0,0,0,20220509,20220509                                                                                                                 
6151M,0,1,0,0,0,0,0,20220510,20220510                                                                                                                 
6152X,0,0,1,0,0,0,0,20220511,20220511                                                                                                                 
6153J,0,0,0,1,0,0,0,20220512,20220512                                                                                                                 
6154V,0,0,0,0,1,0,0,20220513,20220513                                                                                                                 
6155S,0,0,0,0,0,1,0,20220514,20220514                                                                                                                 
6156D,0,0,0,0,0,0,1,20220515,20220515                                                                                                                 
6157L,1,0,0,0,0,0,0,20220516,20220516                                                                                                                 
6158M,0,1,0,0,0,0,0,20220517,20220517                                                                                                                 
6159X,0,0,1,0,0,0,0,20220518,20220518                                                                                                                 
6160J,0,0,0,1,0,0,0,20220519,20220519                                                                                                                 
6161V,0,0,0,0,1,0,0,20220520,20220520                                                                                                                 
6162S,0,0,0,0,0,1,0,20220521,20220521                                                                                                                 
6163D,0,0,0,0,0,0,1,20220522,20220522                                                                                                                 
6164L,1,0,0,0,0,0,0,20220523,20220523                                                                                                                 
6165M,0,1,0,0,0,0,0,20220524,20220524                                                                                                                 
6166X,0,0,1,0,0,0,0,20220525,20220525                                                                                                                 
6167J,0,0,0,1,0,0,0,20220526,20220526                                                                                                                 
6237M,0,1,0,0,0,0,0,20220426,20220426                                                                                                                 
6238X,0,0,1,0,0,0,0,20220427,20220427                                                                                                                 
6239J,0,0,0,1,0,0,0,20220428,20220428                                                                                                                 
6240V,0,0,0,0,1,0,0,20220429,20220429                                                                                                                 
6241S,0,0,0,0,0,1,0,20220430,20220430                                                                                                                 
6242D,0,0,0,0,0,0,1,20220501,20220501                                                                                                                 
6243L,1,0,0,0,0,0,0,20220502,20220502                                                                                                                 
6244M,0,1,0,0,0,0,0,20220503,20220503                                                                                                                 
6245X,0,0,1,0,0,0,0,20220504,20220504                                                                                                                 
6246J,0,0,0,1,0,0,0,20220505,20220505                                                                                                                 
6247V,0,0,0,0,1,0,0,20220506,20220506                                                                                                                 
6248S,0,0,0,0,0,1,0,20220507,20220507                                                                                                                 
6249D,0,0,0,0,0,0,1,20220508,20220508                                                                                                                 
6250L,1,0,0,0,0,0,0,20220509,20220509                                                                                                                 
6251M,0,1,0,0,0,0,0,20220510,20220510                                                                                                                 
6252X,0,0,1,0,0,0,0,20220511,20220511                                                                                                                 
6253J,0,0,0,1,0,0,0,20220512,20220512                                                                                                                 
6254V,0,0,0,0,1,0,0,20220513,20220513                                                                                                                 
6255S,0,0,0,0,0,1,0,20220514,20220514                                                                                                                 
6256D,0,0,0,0,0,0,1,20220515,20220515                                                                                                                 
6257L,1,0,0,0,0,0,0,20220516,20220516                                                                                                                 
6258M,0,1,0,0,0,0,0,20220517,20220517                                                                                                                 
6259X,0,0,1,0,0,0,0,20220518,20220518                                                                                                                 
6260J,0,0,0,1,0,0,0,20220519,20220519                                                                                                                 
6261V,0,0,0,0,1,0,0,20220520,20220520                                                                                                                 
6262S,0,0,0,0,0,1,0,20220521,20220521                                                                                                                 
6263D,0,0,0,0,0,0,1,20220522,20220522                                                                                                                 
6264L,1,0,0,0,0,0,0,20220523,20220523                                                                                                                 
6265M,0,1,0,0,0,0,0,20220524,20220524                                                                                                                 
6266X,0,0,1,0,0,0,0,20220525,20220525                                                                                                                 
6267J,0,0,0,1,0,0,0,20220526,20220526                                                                                                                 
7037M,0,1,0,0,0,0,0,20220426,20220426                                                                                                                 
7038X,0,0,1,0,0,0,0,20220427,20220427                                                                                                                 
7039J,0,0,0,1,0,0,0,20220428,20220428                                                                                                                 
7040V,0,0,0,0,1,0,0,20220429,20220429                                                                                                                 
7041S,0,0,0,0,0,1,0,20220430,20220430                                                                                                                 
7042D,0,0,0,0,0,0,1,20220501,20220501                                                                                                                 
7043L,1,0,0,0,0,0,0,20220502,20220502                                                                                                                 
7044M,0,1,0,0,0,0,0,20220503,20220503                                                                                                                 
7045X,0,0,1,0,0,0,0,20220504,20220504                                                                                                                 
7046J,0,0,0,1,0,0,0,20220505,20220505                                                                                                                 
7047V,0,0,0,0,1,0,0,20220506,20220506                                                                                                                 
7048S,0,0,0,0,0,1,0,20220507,20220507                                                                                                                 
7049D,0,0,0,0,0,0,1,20220508,20220508                                                                                                                 
7050L,1,0,0,0,0,0,0,20220509,20220509                                                                                                                 
7051M,0,1,0,0,0,0,0,20220510,20220510                                                                                                                 
7052X,0,0,1,0,0,0,0,20220511,20220511                                                                                                                 
7053J,0,0,0,1,0,0,0,20220512,20220512                                                                                                                 
7054V,0,0,0,0,1,0,0,20220513,20220513                                                                                                                 
7055S,0,0,0,0,0,1,0,20220514,20220514                                                                                                                 
7056D,0,0,0,0,0,0,1,20220515,20220515                                                                                                                 
7057L,1,0,0,0,0,0,0,20220516,20220516                                                                                                                 
7058M,0,1,0,0,0,0,0,20220517,20220517                                                                                                                 
7059X,0,0,1,0,0,0,0,20220518,20220518                                                                                                                 
7060J,0,0,0,1,0,0,0,20220519,20220519                                                                                                                 
7061V,0,0,0,0,1,0,0,20220520,20220520                                                                                                                 
7062S,0,0,0,0,0,1,0,20220521,20220521                                                                                                                 
7063D,0,0,0,0,0,0,1,20220522,20220522                                                                                                                 
7064L,1,0,0,0,0,0,0,20220523,20220523                                                                                                                 
7065M,0,1,0,0,0,0,0,20220524,20220524                                                                                                                 
7066X,0,0,1,0,0,0,0,20220525,20220525                                                                                                                 
7067J,0,0,0,1,0,0,0,20220526,20220526                                                                                                                 
